N 78
0 0 
0 75 
0 150
0 225
0 300
0 375 
0 450
0 525 
0 600
0 675
0 750
0 825
0 900
100 900
100 825
100 750
100 675
100 600
100 525
100 450
100 375
100 300
100 225
100 150
100 75
100 0
200 0 
200 75 
200 150
200 225
200 300
200 375 
200 450
200 525 
200 600
200 675
200 750
200 825
200 900
300 900
300 825
300 750
300 675
300 600
300 525
300 450
300 375
300 300
300 225
300 150
300 75
300 0
400 0 
400 75 
400 150
400 225
400 300
400 375 
400 450
400 525 
400 600
400 675
400 750
400 825
400 900
500 900
500 825
500 750
500 675
500 600
500 525
500 450
500 375
500 300
500 225
500 150
500 75
500 0
